0
0
20
100
0
50
0
2
16
100
0
50
0
2
12
100
0
50
0
2
8
100
0
50
0
2
4
100
0
50
0
2
0
100
0
50
0
2
16
99
0
50
0
1
12
99
0
50
0
2
8
99
0
50
0
2
4
99
0
50
0
0
20
98
8
50
0
2
16
98
0
50
0
2
12
98
0
50
0
2
8
98
0
50
0
1
4
98
0
50
0
1
20
97
0
50
0
0
16
97
0
50
0
0
12
97
0
50
0
0
8
97
0
50
0
2
4
97
0
50
0
1
0
97
0
50
0
2
16
96
0
50
0
2
12
96
0
50
0
2
8
96
0
25
0
1
20
100
0
50
0
1
30
100
0
100
0
2
26
100
0
100
0
2
22
100
0
100
0
2
18
100
0
100
0
2
14
100
0
100
0
2
10
100
0
100
0
2
6
100
0
100
0
1
22
99
0
100
0
0
18
99
0
100
0
2
14
99
0
100
0
2
10
99
0
100
0
2
6
99
0
100
0
0
2
99
0
100
0
2
18
98
0
100
0
2
14
98
0
100
0
2
10
98
0
100
0
2
6
98
0
100
0
0
2
98
0
100
0
2
18
97
0
100
0
0
14
97
0
100
0
2
10
97
0
100
0
0
6
97
0
100
0
0
2
97
0
100
0
2
18
96
0
100
0
0
14
96
0
100
0
2
10
96
0
100
0
2
6
96
0
100
0
0
30
100
0
100
0
2
26
100
0
50
0
2
22
100
0
50
0
0
18
100
0
50
0
2
14
100
0
50
0
2
10
100
0
50
0
2
6
100
0
25
0
2
2
100
0
100
0
2
18
99
0
100
0
0
10
100
0
100
0
2
2
99
0
100
0
1
22
97
0
100
0
0
18
97
0
100
0
0
10
97
0
100
0
2
6
97
0
100
0
1
22
96
0
100
0
2
14
96
0
100
0
0
10
96
0
100
0
0
6
96
0
100
0
1
22
95
0
100
0
2
18
95
0
100
0
2
14
95
0
100
0
2
10
95
0
100
0
2
6
95
0
100
0
1
6
99
0
100
0
1
2
99
0
100
0
0
2
100
17
100
0
1
26
100
0
100
0
0
18
100
0
100
0
0
14
100
0
100
0
0
2
99
6
100
0
0
10
98
0
100
0
0
2
98
12
75
0
2
18
97
0
75
0
2
14
97
0
75
0
2
10
97
0
75
0
2
6
97
0
75
0
1
22
96
0
75
0
2
18
96
0
75
0
2
14
96
0
75
0
2
10
96
0
75
0
2
6
96
0
75
0
2
2
96
0
75
0
2
18
95
0
75
0
2
14
95
0
75
0
1
10
95
0
75
0
2
6
95
0
75
1
1
22
94
10
25
1
2
18
94
0
25
1
2
14
94
0
25
1
2
10
94
0
25
0
1
6
94
0
25
0
1
2
94
6
25
1
2
18
93
0
25
1
2
14
93
0
25
1
2
10
93
0
25
1
2
6
93
0
25
0
1
22
92
0
25
0
2
18
92
0
25
0
2
14
92
0
25
0
2
10
92
0
25
0
2
6
92
0
25
1
1
2
92
9
25
1
2
18
91
0
25
1
2
14
91
0
25
1
2
10
91
0
25
1
2
6
91
0
25
0
1
10
100
0
100
1
1
22
99
9
100
1
2
18
99
0
100
1
2
14
99
0
100
1
2
10
99
0
100
1
2
6
99
0
100
0
1
22
98
0
100
0
1
18
100
0
100
0
1
18
99
0
100
0
2
14
99
0
25
0
2
10
99
0
25
0
2
6
99
0
25
