1 0 
0 0 1 0 
16.000000
100.000000
0 1 0 0 0 0 0 0 0 0 0 0 0 0 0 0 0 0 0 0 0 0 0 
50.000000
2 0 
0 0 2 0 
12.000000
100.000000
0 2 0 0 0 0 0 0 0 0 0 0 0 0 0 0 0 0 0 0 0 0 0 
50.000000
1 0 
0 0 1 0 
8.000000
100.000000
0 1 0 0 0 0 0 0 0 0 0 0 0 0 0 0 0 0 0 0 0 0 0 
50.000000
1 0 
0 0 1 0 
4.000000
100.000000
0 1 0 0 0 0 0 0 0 0 0 0 0 0 0 0 0 0 0 0 0 0 0 
50.000000
1 0 
0 0 1 0 
0.000000
100.000000
0 1 0 0 0 0 0 0 0 0 0 0 0 0 0 0 0 0 0 0 0 0 0 
50.000000
1 0 
0 0 1 0 
16.000000
99.000000
0 1 0 0 0 0 0 0 0 0 0 0 0 0 0 0 0 0 0 0 0 0 0 
50.000000
1 0 
0 0 1 0 
12.000000
99.000000
0 1 0 0 0 0 0 0 0 0 0 0 0 0 0 0 0 0 0 0 0 0 0 
50.000000
1 0 
0 0 1 0 
8.000000
99.000000
0 1 0 0 0 0 0 0 0 0 0 0 0 0 0 0 0 0 0 0 0 0 0 
50.000000
1 0 
0 0 1 0 
4.000000
99.000000
0 1 0 0 0 0 0 0 0 0 0 0 0 0 0 0 0 0 0 0 0 0 0 
50.000000
1 0 
0 0 1 0 
0.000000
99.000000
0 1 0 0 0 0 0 0 0 0 0 0 0 0 0 0 0 0 0 0 0 0 0 
50.000000
1 0 
0 0 1 0 
16.000000
98.000000
0 1 0 0 0 0 0 0 0 0 0 0 0 0 0 0 0 0 0 0 0 0 0 
50.000000
1 0 
0 0 1 0 
12.000000
98.000000
0 1 0 0 0 0 0 0 0 0 0 0 0 0 0 0 0 0 0 0 0 0 0 
50.000000
1 0 
0 0 1 0 
8.000000
98.000000
0 1 0 0 0 0 0 0 0 0 0 0 0 0 0 0 0 0 0 0 0 0 0 
50.000000
1 0 
0 0 1 0 
4.000000
98.000000
0 1 0 0 0 0 0 0 0 0 0 0 0 0 0 0 0 0 0 0 0 0 0 
50.000000
1 0 
0 0 1 0 
0.000000
98.000000
0 1 0 0 0 0 0 0 0 0 0 0 0 0 0 0 0 0 0 0 0 0 0 
50.000000
1 0 
0 0 1 0 
16.000000
97.000000
0 1 0 0 0 0 0 0 0 0 0 0 0 0 0 0 0 0 0 0 0 0 0 
50.000000
1 0 
0 0 1 0 
12.000000
97.000000
0 1 0 0 0 0 0 0 0 0 0 0 0 0 0 0 0 0 0 0 0 0 0 
50.000000
1 0 
0 0 1 0 
8.000000
97.000000
0 1 0 0 0 0 0 0 0 0 0 0 0 0 0 0 0 0 0 0 0 0 0 
50.000000
1 0 
0 0 1 0 
4.000000
97.000000
0 1 0 0 0 0 0 0 0 0 0 0 0 0 0 0 0 0 0 0 0 0 0 
50.000000
1 0 
0 0 1 0 
0.000000
97.000000
0 1 0 0 0 0 0 0 0 0 0 0 0 0 0 0 0 0 0 0 0 0 0 
50.000000
1 0 
0 0 1 0 
16.000000
96.000000
0 1 0 0 0 0 0 0 0 0 0 0 0 0 0 0 0 0 0 0 0 0 0 
50.000000
1 0 
0 0 1 0 
12.000000
96.000000
0 1 0 0 0 0 0 0 0 0 0 0 0 0 0 0 0 0 0 0 0 0 0 
50.000000
1 0 
0 0 1 0 
8.000000
96.000000
0 1 0 0 0 0 0 0 0 0 0 0 0 0 0 0 0 0 0 0 0 0 0 
50.000000
@
@
@
@
@
@
1 0 
0 0 1 0 
16.000000
100.000000
0 1 0 0 0 0 0 0 0 0 0 0 0 0 0 0 0 0 0 0 0 0 0 
50.000000
9 0 
0 0 9 0 
26.000000
100.000000
0 9 0 0 0 0 0 0 0 0 0 0 0 0 0 0 0 0 0 0 0 0 0 
100.000000
12 0 
0 0 12 0 
22.000000
100.000000
0 12 0 0 0 0 0 0 0 0 0 0 0 0 0 0 0 0 0 0 0 0 0 
100.000000
12 0 
0 0 12 0 
18.000000
100.000000
0 12 0 0 0 0 0 0 0 0 0 0 0 0 0 0 0 0 0 0 0 0 0 
100.000000
11 0 
0 0 11 0 
14.000000
100.000000
0 11 0 0 0 0 0 0 0 0 0 0 0 0 0 0 0 0 0 0 0 0 0 
100.000000
10 0 
0 0 10 0 
10.000000
100.000000
0 10 0 0 0 0 0 0 0 0 0 0 0 0 0 0 0 0 0 0 0 0 0 
100.000000
9 0 
0 0 9 0 
6.000000
100.000000
0 9 0 0 0 0 0 0 0 0 0 0 0 0 0 0 0 0 0 0 0 0 0 
100.000000
11 0 
0 0 11 0 
2.000000
100.000000
0 11 0 0 0 0 0 0 0 0 0 0 0 0 0 0 0 0 0 0 0 0 0 
100.000000
3 0 
0 0 3 0 
18.000000
99.000000
0 3 0 0 0 0 0 0 0 0 0 0 0 0 0 0 0 0 0 0 0 0 0 
100.000000
1 0 
0 0 1 0 
14.000000
99.000000
0 1 0 0 0 0 0 0 0 0 0 0 0 0 0 0 0 0 0 0 0 0 0 
100.000000
6 0 
0 0 6 0 
10.000000
99.000000
0 6 0 0 0 0 0 0 0 0 0 0 0 0 0 0 0 0 0 0 0 0 0 
100.000000
6 0 
0 0 6 0 
6.000000
99.000000
0 6 0 0 0 0 0 0 0 0 0 0 0 0 0 0 0 0 0 0 0 0 0 
100.000000
5 0 
0 0 5 0 
2.000000
99.000000
0 5 0 0 0 0 0 0 0 0 0 0 0 0 0 0 0 0 0 0 0 0 0 
100.000000
1 0 
0 0 1 0 
18.000000
98.000000
0 1 0 0 0 0 0 0 0 0 0 0 0 0 0 0 0 0 0 0 0 0 0 
100.000000
5 0 
0 0 5 0 
14.000000
98.000000
0 5 0 0 0 0 0 0 0 0 0 0 0 0 0 0 0 0 0 0 0 0 0 
100.000000
5 0 
0 0 5 0 
10.000000
98.000000
0 5 0 0 0 0 0 0 0 0 0 0 0 0 0 0 0 0 0 0 0 0 0 
100.000000
3 0 
0 0 3 0 
6.000000
98.000000
0 3 0 0 0 0 0 0 0 0 0 0 0 0 0 0 0 0 0 0 0 0 0 
100.000000
4 0 
0 0 4 0 
2.000000
98.000000
0 4 0 0 0 0 0 0 0 0 0 0 0 0 0 0 0 0 0 0 0 0 0 
100.000000
1 0 
0 0 1 0 
18.000000
97.000000
0 1 0 0 0 0 0 0 0 0 0 0 0 0 0 0 0 0 0 0 0 0 0 
100.000000
1 0 
0 0 1 0 
14.000000
97.000000
0 1 0 0 0 0 0 0 0 0 0 0 0 0 0 0 0 0 0 0 0 0 0 
100.000000
2 0 
0 0 2 0 
10.000000
97.000000
0 2 0 0 0 0 0 0 0 0 0 0 0 0 0 0 0 0 0 0 0 0 0 
100.000000
1 0 
0 0 1 0 
6.000000
97.000000
0 1 0 0 0 0 0 0 0 0 0 0 0 0 0 0 0 0 0 0 0 0 0 
100.000000
1 0 
0 0 1 0 
2.000000
97.000000
0 1 0 0 0 0 0 0 0 0 0 0 0 0 0 0 0 0 0 0 0 0 0 
100.000000
1 0 
0 0 1 0 
18.000000
96.000000
0 1 0 0 0 0 0 0 0 0 0 0 0 0 0 0 0 0 0 0 0 0 0 
100.000000
2 0 
0 0 2 0 
14.000000
96.000000
0 2 0 0 0 0 0 0 0 0 0 0 0 0 0 0 0 0 0 0 0 0 0 
100.000000
1 0 
0 0 1 0 
10.000000
96.000000
0 1 0 0 0 0 0 0 0 0 0 0 0 0 0 0 0 0 0 0 0 0 0 
100.000000
1 0 
0 0 1 0 
6.000000
96.000000
0 1 0 0 0 0 0 0 0 0 0 0 0 0 0 0 0 0 0 0 0 0 0 
100.000000
1 0 
0 0 1 0 
2.000000
96.000000
0 1 0 0 0 0 0 0 0 0 0 0 0 0 0 0 0 0 0 0 0 0 0 
100.000000
5 0 
0 0 5 0 
26.000000
100.000000
0 5 0 0 0 0 0 0 0 0 0 0 0 0 0 0 0 0 0 0 0 0 0 
100.000000
1 0 
0 0 1 0 
22.000000
100.000000
0 1 0 0 0 0 0 0 0 0 0 0 0 0 0 0 0 0 0 0 0 0 0 
50.000000
1 0 
0 0 1 0 
18.000000
100.000000
0 1 0 0 0 0 0 0 0 0 0 0 0 0 0 0 0 0 0 0 0 0 0 
50.000000
1 0 
0 0 1 0 
14.000000
100.000000
0 1 0 0 0 0 0 0 0 0 0 0 0 0 0 0 0 0 0 0 0 0 0 
50.000000
1 0 
0 0 1 0 
10.000000
100.000000
0 1 0 0 0 0 0 0 0 0 0 0 0 0 0 0 0 0 0 0 0 0 0 
50.000000
1 0 
0 0 1 0 
6.000000
100.000000
0 1 0 0 0 0 0 0 0 0 0 0 0 0 0 0 0 0 0 0 0 0 0 
50.000000
@
@
@
@
@
@
2 0 
0 0 2 0 
18.000000
99.000000
0 2 0 0 0 0 0 0 0 0 0 0 0 0 0 0 0 0 0 0 0 0 0 
100.000000
5 0 
0 0 5 0 
14.000000
99.000000
0 5 0 0 0 0 0 0 0 0 0 0 0 0 0 0 0 0 0 0 0 0 0 
100.000000
1 0 
0 0 1 0 
6.000000
100.000000
0 1 0 0 0 0 0 0 0 0 0 0 0 0 0 0 0 0 0 0 0 0 0 
100.000000
1 0 
0 0 1 0 
18.000000
98.000000
0 1 0 0 0 0 0 0 0 0 0 0 0 0 0 0 0 0 0 0 0 0 0 
100.000000
1 0 
0 0 1 0 
18.000000
97.000000
0 1 0 0 0 0 0 0 0 0 0 0 0 0 0 0 0 0 0 0 0 0 0 
100.000000
1 0 
0 0 1 0 
14.000000
97.000000
0 1 0 0 0 0 0 0 0 0 0 0 0 0 0 0 0 0 0 0 0 0 0 
100.000000
1 0 
0 0 1 0 
6.000000
97.000000
0 1 0 0 0 0 0 0 0 0 0 0 0 0 0 0 0 0 0 0 0 0 0 
100.000000
1 0 
0 0 1 0 
2.000000
97.000000
0 1 0 0 0 0 0 0 0 0 0 0 0 0 0 0 0 0 0 0 0 0 0 
100.000000
1 0 
0 0 1 0 
18.000000
96.000000
0 1 0 0 0 0 0 0 0 0 0 0 0 0 0 0 0 0 0 0 0 0 0 
100.000000
1 0 
0 0 1 0 
10.000000
96.000000
0 1 0 0 0 0 0 0 0 0 0 0 0 0 0 0 0 0 0 0 0 0 0 
100.000000
1 0 
0 0 1 0 
6.000000
96.000000
0 1 0 0 0 0 0 0 0 0 0 0 0 0 0 0 0 0 0 0 0 0 0 
100.000000
1 0 
0 0 1 0 
2.000000
96.000000
0 1 0 0 0 0 0 0 0 0 0 0 0 0 0 0 0 0 0 0 0 0 0 
100.000000
1 0 
0 0 1 0 
18.000000
95.000000
0 1 0 0 0 0 0 0 0 0 0 0 0 0 0 0 0 0 0 0 0 0 0 
100.000000
1 0 
0 0 1 0 
14.000000
95.000000
0 1 0 0 0 0 0 0 0 0 0 0 0 0 0 0 0 0 0 0 0 0 0 
100.000000
1 0 
0 0 1 0 
10.000000
95.000000
0 1 0 0 0 0 0 0 0 0 0 0 0 0 0 0 0 0 0 0 0 0 0 
100.000000
1 0 
0 0 1 0 
6.000000
95.000000
0 1 0 0 0 0 0 0 0 0 0 0 0 0 0 0 0 0 0 0 0 0 0 
100.000000
1 0 
0 0 1 0 
2.000000
95.000000
0 1 0 0 0 0 0 0 0 0 0 0 0 0 0 0 0 0 0 0 0 0 0 
100.000000
1 0 
0 0 1 0 
2.000000
99.000000
0 1 0 0 0 0 0 0 0 0 0 0 0 0 0 0 0 0 0 0 0 0 0 
100.000000
1 0 
0 0 1 0 
18.000000
98.000000
0 1 0 0 0 0 0 0 0 0 0 0 0 0 0 0 0 0 0 0 0 0 0 
100.000000
1 0 
0 0 1 0 
18.000000
99.000000
0 1 0 0 0 0 0 0 0 0 0 0 0 0 0 0 0 0 0 0 0 0 0 
100.000000
1 0 
0 0 1 0 
22.000000
100.000000
0 1 0 0 0 0 0 0 0 0 0 0 0 0 0 0 0 0 0 0 0 0 0 
100.000000
1 0 
0 0 1 0 
14.000000
100.000000
0 1 0 0 0 0 0 0 0 0 0 0 0 0 0 0 0 0 0 0 0 0 0 
100.000000
1 0 
0 0 1 0 
10.000000
100.000000
0 1 0 0 0 0 0 0 0 0 0 0 0 0 0 0 0 0 0 0 0 0 0 
100.000000
1 0 
0 0 1 0 
18.000000
98.000000
0 1 0 0 0 0 0 0 0 0 0 0 0 0 0 0 0 0 0 0 0 0 0 
100.000000
1 0 
0 0 1 0 
6.000000
98.000000
0 1 0 0 0 0 0 0 0 0 0 0 0 0 0 0 0 0 0 0 0 0 0 
100.000000
1 0 
0 0 1 0 
18.000000
97.000000
0 1 0 0 0 0 0 0 0 0 0 0 0 0 0 0 0 0 0 0 0 0 0 
75.000000
1 0 
0 0 1 0 
14.000000
97.000000
0 1 0 0 0 0 0 0 0 0 0 0 0 0 0 0 0 0 0 0 0 0 0 
75.000000
1 0 
0 0 1 0 
10.000000
97.000000
0 1 0 0 0 0 0 0 0 0 0 0 0 0 0 0 0 0 0 0 0 0 0 
75.000000
1 0 
0 0 1 0 
6.000000
97.000000
0 1 0 0 0 0 0 0 0 0 0 0 0 0 0 0 0 0 0 0 0 0 0 
75.000000
1 0 
0 0 1 0 
2.000000
97.000000
0 1 0 0 0 0 0 0 0 0 0 0 0 0 0 0 0 0 0 0 0 0 0 
75.000000
1 0 
0 0 1 0 
18.000000
96.000000
0 1 0 0 0 0 0 0 0 0 0 0 0 0 0 0 0 0 0 0 0 0 0 
75.000000
1 0 
0 0 1 0 
14.000000
96.000000
0 1 0 0 0 0 0 0 0 0 0 0 0 0 0 0 0 0 0 0 0 0 0 
75.000000
1 0 
0 0 1 0 
10.000000
96.000000
0 1 0 0 0 0 0 0 0 0 0 0 0 0 0 0 0 0 0 0 0 0 0 
75.000000
1 0 
0 0 1 0 
6.000000
96.000000
0 1 0 0 0 0 0 0 0 0 0 0 0 0 0 0 0 0 0 0 0 0 0 
75.000000
1 0 
0 0 1 0 
2.000000
96.000000
0 1 0 0 0 0 0 0 0 0 0 0 0 0 0 0 0 0 0 0 0 0 0 
75.000000
1 0 
0 0 1 0 
18.000000
95.000000
0 1 0 0 0 0 0 0 0 0 0 0 0 0 0 0 0 0 0 0 0 0 0 
75.000000
1 0 
0 0 1 0 
14.000000
95.000000
0 1 0 0 0 0 0 0 0 0 0 0 0 0 0 0 0 0 0 0 0 0 0 
75.000000
1 0 
0 0 1 0 
10.000000
95.000000
0 1 0 0 0 0 0 0 0 0 0 0 0 0 0 0 0 0 0 0 0 0 0 
75.000000
1 0 
0 0 1 0 
6.000000
95.000000
0 1 0 0 0 0 0 0 0 0 0 0 0 0 0 0 0 0 0 0 0 0 0 
75.000000
1 0 
0 0 1 0 
2.000000
95.000000
0 1 0 0 0 0 0 0 0 0 0 0 0 0 0 0 0 0 0 0 0 0 0 
75.000000
0 1 
0 0 1 0 
18.000000
94.000000
0 1 0 0 0 0 0 0 0 0 0 0 0 0 0 0 0 0 0 0 0 0 0 
25.000000
0 1 
0 0 1 0 
14.000000
94.000000
0 1 0 0 0 0 0 0 0 0 0 0 0 0 0 0 0 0 0 0 0 0 0 
25.000000
0 1 
0 0 1 0 
10.000000
94.000000
0 1 0 0 0 0 0 0 0 0 0 0 0 0 0 0 0 0 0 0 0 0 0 
25.000000
0 1 
0 0 1 0 
6.000000
94.000000
0 1 0 0 0 0 0 0 0 0 0 0 0 0 0 0 0 0 0 0 0 0 0 
25.000000
1 0 
0 0 1 0 
2.000000
94.000000
0 1 0 0 0 0 0 0 0 0 0 0 0 0 0 0 0 0 0 0 0 0 0 
25.000000
0 1 
0 0 1 0 
18.000000
93.000000
0 1 0 0 0 0 0 0 0 0 0 0 0 0 0 0 0 0 0 0 0 0 0 
25.000000
0 1 
0 0 1 0 
14.000000
93.000000
0 1 0 0 0 0 0 0 0 0 0 0 0 0 0 0 0 0 0 0 0 0 0 
25.000000
0 1 
0 0 1 0 
10.000000
93.000000
0 1 0 0 0 0 0 0 0 0 0 0 0 0 0 0 0 0 0 0 0 0 0 
25.000000
0 1 
0 0 1 0 
6.000000
93.000000
0 1 0 0 0 0 0 0 0 0 0 0 0 0 0 0 0 0 0 0 0 0 0 
25.000000
0 1 
0 0 1 0 
2.000000
93.000000
0 1 0 0 0 0 0 0 0 0 0 0 0 0 0 0 0 0 0 0 0 0 0 
25.000000
1 0 
0 0 1 0 
18.000000
92.000000
0 1 0 0 0 0 0 0 0 0 0 0 0 0 0 0 0 0 0 0 0 0 0 
25.000000
1 0 
0 0 1 0 
14.000000
92.000000
0 1 0 0 0 0 0 0 0 0 0 0 0 0 0 0 0 0 0 0 0 0 0 
25.000000
1 0 
0 0 1 0 
10.000000
92.000000
0 1 0 0 0 0 0 0 0 0 0 0 0 0 0 0 0 0 0 0 0 0 0 
25.000000
1 0 
0 0 1 0 
6.000000
92.000000
0 1 0 0 0 0 0 0 0 0 0 0 0 0 0 0 0 0 0 0 0 0 0 
25.000000
1 0 
0 0 1 0 
2.000000
92.000000
0 1 0 0 0 0 0 0 0 0 0 0 0 0 0 0 0 0 0 0 0 0 0 
25.000000
0 1 
0 0 1 0 
18.000000
91.000000
0 1 0 0 0 0 0 0 0 0 0 0 0 0 0 0 0 0 0 0 0 0 0 
25.000000
0 1 
0 0 1 0 
14.000000
91.000000
0 1 0 0 0 0 0 0 0 0 0 0 0 0 0 0 0 0 0 0 0 0 0 
25.000000
0 1 
0 0 1 0 
10.000000
91.000000
0 1 0 0 0 0 0 0 0 0 0 0 0 0 0 0 0 0 0 0 0 0 0 
25.000000
0 1 
0 0 1 0 
6.000000
91.000000
0 1 0 0 0 0 0 0 0 0 0 0 0 0 0 0 0 0 0 0 0 0 0 
25.000000
0 1 
0 0 1 0 
2.000000
91.000000
0 1 0 0 0 0 0 0 0 0 0 0 0 0 0 0 0 0 0 0 0 0 0 
25.000000
1 0 
0 0 1 0 
6.000000
100.000000
0 1 0 0 0 0 0 0 0 0 0 0 0 0 0 0 0 0 0 0 0 0 0 
100.000000
0 1 
0 0 1 0 
18.000000
99.000000
0 1 0 0 0 0 0 0 0 0 0 0 0 0 0 0 0 0 0 0 0 0 0 
100.000000
0 1 
0 0 1 0 
14.000000
99.000000
0 1 0 0 0 0 0 0 0 0 0 0 0 0 0 0 0 0 0 0 0 0 0 
100.000000
0 1 
0 0 1 0 
10.000000
99.000000
0 1 0 0 0 0 0 0 0 0 0 0 0 0 0 0 0 0 0 0 0 0 0 
100.000000
0 1 
0 0 1 0 
6.000000
99.000000
0 1 0 0 0 0 0 0 0 0 0 0 0 0 0 0 0 0 0 0 0 0 0 
100.000000
0 1 
0 0 1 0 
2.000000
99.000000
0 1 0 0 0 0 0 0 0 0 0 0 0 0 0 0 0 0 0 0 0 0 0 
100.000000
1 0 
0 0 1 0 
18.000000
98.000000
0 1 0 0 0 0 0 0 0 0 0 0 0 0 0 0 0 0 0 0 0 0 0 
100.000000
